165,120,279,152,32,114,name
363,130,579,202,72,216,johy
691,141,885,216,75,194,dioe
156,272,375,312,40,219,occupation
578,295,736,349,54,158,ont
752,302,964,346,44,212,ician
166,422,353,456,34,187,hometown
445,448,491,507,59,46,h
506,457,698,503,46,192,ustly
160,577,308,609,32,148,favorite
316,581,443,611,30,127,animal
575,600,694,670,70,119,0q
