650,59,891,121,62,241,strids
187,79,285,105,26,98,namer
186,212,364,244,32,178,occupations
646,213,829,261,48,183,itant
439,217,599,262,45,160,cons
190,345,359,374,29,169,hometowny
565,352,700,399,47,135,ven
486,356,561,395,39,75,pm
320,477,428,505,28,108,animal
189,478,313,505,27,124,favorite
618,479,696,517,38,78,on
