650,59,891,121,62,241
187,79,285,105,26,98
186,212,364,244,32,178
646,213,829,261,48,183
439,217,599,262,45,160
190,345,359,374,29,169
565,352,700,399,47,135
486,356,561,395,39,75
320,477,428,505,28,108
189,478,313,505,27,124
618,479,696,517,38,78
